11111111        12111111111122322221     11111111111            
15555551         115555555511 1 1   11   1155555555511          
15555551        1 2115555111  21112221    15555555555       21  
15555551        1 2 155111 22221511       155555555551      1   
15555551         22 2111 22    121        15555555555511        
15555551         1  2  21 1     1         1555555555555         
15555551           11 1  12111     1321   155555555555511       
15111551           1322 115555111         155555555555551       
111 1551            1  12155555551        155555555555511       
11  1551                 2115555551       15511155555511        
21  1551                 2 1555555511     1551 11555511         
1   1551                 1 155555555511   1551  115551         1
    1551               112115555555555    1551   15511        12
    1551               1555555555555551   1551   1111        111
    1551        1     222115555555555551  1151    1         1151
    1551        2    22 1 1555555555555511 151  11111       1551
    1551        2    1   1155555555555555  15  115551      11551
    1551        2       11555555555555555111511155511     115551
    1551       12      11555555555555555555555555551      155551
    1551       1      221555555555555555555555555112     1155551
    1551       11    22 15555555555555555555555551 1     1555551
    1551       151   1 125112111112111555555555111      11555551
    1551       15521    121 1 11  1  15555555111        15555551
    1551       1151  131 2          1155555111         115555551
    1551        15     322         115555111  121      155555551
    1551        1221   2           155555    131      1155555551
    1551         2     1          115555511   1       1155555551
    1551         2               1155555551            155555551
    1551         2              11555555551          21155555551
    1551         1             11555555555           15555555551
    1551          1           11511115555521  1     115555555551
    1551          1          11111  1155511   2     155555555551
    1551       131           111     15111    2     155555555551
    1551      121          1121      111  1   2    1155555555551
    1551      11           111    221 1   1   2    1555555555551
    1551    12       1     21 12   1  1111    2    1555555555551
    1551     1      12    22  15111111155     2   11555555555551
    1551   1              2   1555551115511   1   15555555555551
    1551   2             22  12555551 15551    1  15555555555551
    1551   1             1    1555511 11511    2 115555555555551
    1551               21     15555  1 151     2 155555555555551
    1551               2      15555111 151     2 155555555555551
    1551         1   1 1     1155555511111     1 155555555555551
    1551         2  22       111511111212      21155555555555551
    1551         1 12          15     1 1      15555555111555551
    1551                       111   121       155555551 1555551
    1551                        11111111       155555551 1555551
    1551                         115551        155555551 1555511
    155                           1555         211111111 155511 
    11521      1   12          12215551        1     11 115511  
     15        1    1            15555511      211      15511   
21   1511          1             15555555111   155111   1511    
 22  1511          1             1555555555    155551  1151     
  2  15               1        1115555555551   155511  1511     
  2  1521             1        155555555555511 1555  12151      
  2  15            121         155555555555551 155511 1551      
  1  1511                      155555555555551 11555  1511      
  21 1511            11        15555555555555   111111151       
  11 151                      11555555555555511    111511       
  11 151                      15555555555555551      151        
  11 151                     11555555555555555       211        
  11 151                     1155555555555555511     1          
  11 151                      155555555555555551                
  11 111                     1211111111111111111                